# Time-averaged data for fix msd1fix
# TimeStep c_msd1[4]
0 0
1 0.00266322
2 0.0100468
3 0.0211847
4 0.0354104
5 0.0524894
6 0.0728411
7 0.0974046
8 0.126863
9 0.161288
10 0.200544
11 0.244294
12 0.292215
13 0.344082
14 0.399701
15 0.45868
16 0.520724
17 0.585227
18 0.651968
19 0.720896
20 0.79192
21 0.864828
22 0.939405
23 1.01532
24 1.09256
25 1.17137
26 1.25177
27 1.33396
28 1.41756
29 1.50257
30 1.58864
31 1.67535
32 1.7629
33 1.85114
34 1.93994
35 2.02936
36 2.11934
37 2.20922
38 2.29944
39 2.38997
40 2.48066
41 2.57151
42 2.66259
43 2.75389
44 2.84532
45 2.93697
46 3.02881
47 3.12072
48 3.21276
49 3.30498
50 3.39763
51 3.49028
52 3.58301
53 3.6759
54 3.76907
55 3.86236
56 3.95596
57 4.05014
58 4.14472
59 4.23989
60 4.33514
61 4.43066
62 4.52627
63 4.62235
64 4.71902
65 4.81571
66 4.91242
67 5.00886
68 5.10526
69 5.20146
70 5.29742
71 5.39305
72 5.48848
73 5.58322
74 5.67818
75 5.77325
76 5.86771
77 5.96149
78 6.05522
79 6.14822
80 6.24058
81 6.33239
82 6.42349
83 6.51414
84 6.60395
85 6.69298
86 6.78099
87 6.86824
88 6.95476
89 7.0401
90 7.12447
91 7.20795
92 7.29014
93 7.37152
94 7.45184
95 7.53128
96 7.61006
97 7.6873
98 7.76318
99 7.8377
100 7.91051
101 7.98139
102 8.05058
103 8.1188
104 8.18547
105 8.25035
106 8.3133
107 8.37464
108 8.43454
109 8.4926
110 8.54894
111 8.60335
112 8.65626
113 8.70695
114 8.75556
115 8.80194
116 8.84628
117 8.88852
118 8.92953
119 8.96978
120 9.00833
121 9.04541
122 9.08212
123 9.11749
124 9.1517
125 9.18471
126 9.21764
127 9.24986
128 9.28188
129 9.31286
130 9.34288
131 9.37209
132 9.40038
133 9.42844
134 9.45565
135 9.48253
136 9.50895
137 9.53479
138 9.56101
139 9.58761
140 9.61418
141 9.64124
142 9.66895
143 9.69632
144 9.72408
145 9.75212
146 9.78005
147 9.80815
148 9.83614
149 9.86458
150 9.89374
151 9.92368
152 9.95397
153 9.98445
154 10.0156
155 10.0472
156 10.079
157 10.1112
158 10.1447
159 10.1785
160 10.213
161 10.2473
162 10.2828
163 10.3188
164 10.3547
165 10.3913
166 10.4279
167 10.464
168 10.5001
169 10.5357
170 10.5718
171 10.6086
172 10.6456
173 10.6833
174 10.7218
175 10.7606
176 10.8006
177 10.8415
178 10.8833
179 10.926
180 10.9692
181 11.0132
182 11.0577
183 11.1024
184 11.1473
185 11.1928
186 11.238
187 11.2835
188 11.3303
189 11.3777
190 11.4256
191 11.4736
192 11.5222
193 11.5714
194 11.6213
195 11.6728
196 11.7259
197 11.7805
198 11.8358
199 11.8922
200 11.9488
201 12.0056
202 12.0627
203 12.12
204 12.178
205 12.2378
206 12.299
207 12.3611
208 12.4253
209 12.4909
210 12.5575
211 12.625
212 12.694
213 12.7639
214 12.835
215 12.9071
216 12.9797
217 13.0527
218 13.1267
219 13.2017
220 13.2766
221 13.352
222 13.4271
223 13.5029
224 13.578
225 13.6536
226 13.7297
227 13.8056
228 13.881
229 13.9572
230 14.0342
231 14.1127
232 14.1917
233 14.2711
234 14.3505
235 14.4296
236 14.5083
237 14.5863
238 14.6635
239 14.7397
240 14.815
241 14.8899
242 14.9648
243 15.0388
244 15.1123
245 15.184
246 15.2541
247 15.3231
248 15.3915
249 15.4597
250 15.5272
251 15.5933
252 15.6592
253 15.7241
254 15.7878
255 15.8497
256 15.9102
257 15.9695
258 16.0273
259 16.084
260 16.1396
261 16.1945
262 16.2474
263 16.2995
264 16.3513
265 16.4009
266 16.4493
267 16.4953
268 16.5404
269 16.5845
270 16.628
271 16.6697
272 16.7097
273 16.7485
274 16.7864
275 16.8234
276 16.8593
277 16.8944
278 16.9289
279 16.9632
280 16.9972
281 17.0309
282 17.0649
283 17.0989
284 17.1331
285 17.1667
286 17.2009
287 17.2349
288 17.2683
289 17.3004
290 17.332
291 17.3639
292 17.3957
293 17.4282
294 17.4617
295 17.4947
296 17.5278
297 17.5609
298 17.595
299 17.63
300 17.666
301 17.7026
302 17.7398
303 17.7781
304 17.8159
305 17.8529
306 17.8886
307 17.9236
308 17.9581
309 17.9917
310 18.026
311 18.0617
312 18.0981
313 18.1351
314 18.1737
315 18.2133
316 18.2532
317 18.2942
318 18.3347
319 18.3756
320 18.4157
321 18.4542
322 18.4924
323 18.5315
324 18.571
325 18.6108
326 18.6507
327 18.6906
328 18.7308
329 18.7715
330 18.8132
331 18.8551
332 18.8973
333 18.9401
334 18.9817
335 19.0237
336 19.066
337 19.1084
338 19.1509
339 19.1936
340 19.2375
341 19.2831
342 19.3302
343 19.379
344 19.4285
345 19.479
346 19.5301
347 19.5815
348 19.6334
349 19.6855
350 19.738
351 19.7913
352 19.8446
353 19.8972
354 19.95
355 20.0027
356 20.0558
357 20.1091
358 20.163
359 20.2179
360 20.2734
361 20.33
362 20.3876
363 20.445
364 20.5031
365 20.562
366 20.6211
367 20.681
368 20.7417
369 20.8023
370 20.8639
371 20.9271
372 20.9904
373 21.0547
374 21.1198
375 21.1853
376 21.2529
377 21.3214
378 21.3913
379 21.4619
380 21.5328
381 21.6036
382 21.6747
383 21.7453
384 21.8156
385 21.886
386 21.9571
387 22.0276
388 22.0973
389 22.1671
390 22.2366
391 22.3059
392 22.3744
393 22.442
394 22.5095
395 22.5755
396 22.6403
397 22.7052
398 22.7697
399 22.8338
400 22.8984
401 22.9625
402 23.0266
403 23.0905
404 23.1541
405 23.218
406 23.2809
407 23.3424
408 23.4027
409 23.4605
410 23.5168
411 23.5699
412 23.6213
413 23.672
414 23.7219
415 23.7711
416 23.8198
417 23.8689
418 23.9193
419 23.9695
420 24.0199
421 24.0695
422 24.1188
423 24.1671
424 24.2143
425 24.2611
426 24.3069
427 24.3525
428 24.3972
429 24.4414
430 24.4855
431 24.5275
432 24.5692
433 24.61
434 24.6502
435 24.6879
436 24.7247
437 24.7605
438 24.7961
439 24.8304
440 24.8642
441 24.8974
442 24.9294
443 24.9619
444 24.9945
445 25.028
446 25.0622
447 25.0962
448 25.1304
449 25.1655
450 25.2009
451 25.2383
452 25.2766
453 25.316
454 25.3574
455 25.3992
456 25.4418
457 25.4843
458 25.5257
459 25.5667
460 25.6074
461 25.6473
462 25.6864
463 25.7249
464 25.764
465 25.8033
466 25.8429
467 25.8832
468 25.9235
469 25.9629
470 26.0021
471 26.0419
472 26.0821
473 26.1219
474 26.162
475 26.2021
476 26.2421
477 26.2831
478 26.3235
479 26.3642
480 26.404
481 26.4449
482 26.4869
483 26.5294
484 26.5728
485 26.6156
486 26.6591
487 26.7033
488 26.748
489 26.7931
490 26.8385
491 26.8853
492 26.9336
493 26.9822
494 27.0313
495 27.081
496 27.131
497 27.1815
498 27.2324
499 27.2835
500 27.3347
501 27.3858
502 27.4372
503 27.4887
504 27.541
505 27.5933
506 27.6459
507 27.6986
508 27.7495
509 27.8006
510 27.8514
511 27.9021
512 27.9542
513 28.0063
514 28.0593
515 28.1133
516 28.1675
517 28.2217
518 28.2772
519 28.3339
520 28.3918
521 28.4495
522 28.5076
523 28.5658
524 28.6242
525 28.6828
526 28.7413
527 28.8004
528 28.8607
529 28.9218
530 28.9839
531 29.0459
532 29.1088
533 29.1713
534 29.2336
535 29.2971
536 29.3612
537 29.4248
538 29.489
539 29.5533
540 29.6171
541 29.6808
542 29.7445
543 29.8089
544 29.8739
545 29.9395
546 30.0051
547 30.0702
548 30.1346
549 30.1981
550 30.2601
551 30.3194
552 30.3781
553 30.4362
554 30.494
555 30.5519
556 30.6086
557 30.6658
558 30.7234
559 30.7819
560 30.8409
561 30.8992
562 30.9568
563 31.0148
564 31.0729
565 31.1306
566 31.1883
567 31.2452
568 31.3014
569 31.3572
570 31.4133
571 31.4692
572 31.5252
573 31.5808
574 31.636
575 31.6911
576 31.7449
577 31.7975
578 31.8498
579 31.9008
580 31.9514
581 32.0014
582 32.051
583 32.1002
584 32.1488
585 32.1983
586 32.2472
587 32.2945
588 32.341
589 32.3875
590 32.4347
591 32.4816
592 32.528
593 32.5738
594 32.6187
595 32.6642
596 32.7099
597 32.7552
598 32.7996
599 32.842
600 32.8835
601 32.923
602 32.9621
603 33.0024
604 33.0437
605 33.0852
606 33.1261
607 33.1682
608 33.2089
609 33.2499
610 33.2904
611 33.3313
612 33.373
613 33.4147
614 33.4551
615 33.4949
616 33.534
617 33.5722
618 33.6112
619 33.6511
620 33.6906
621 33.7309
622 33.7702
623 33.8105
624 33.8505
625 33.8908
626 33.9299
627 33.9709
628 34.0124
629 34.0537
630 34.0947
631 34.1362
632 34.1783
633 34.2206
634 34.264
635 34.3075
636 34.3505
637 34.3933
638 34.4359
639 34.4789
640 34.5225
641 34.5664
642 34.61
643 34.6535
644 34.6976
645 34.7425
646 34.7879
647 34.8334
648 34.88
649 34.9271
650 34.9748
651 35.0227
652 35.0706
653 35.1181
654 35.1668
655 35.2159
656 35.2658
657 35.3165
658 35.3676
659 35.4192
660 35.4718
661 35.524
662 35.5773
663 35.6302
664 35.6836
665 35.7369
666 35.79
667 35.843
668 35.897
669 35.9508
670 36.0056
671 36.0599
672 36.1147
673 36.1697
674 36.2247
675 36.2798
676 36.3351
677 36.3898
678 36.4432
679 36.495
680 36.5461
681 36.5967
682 36.6476
683 36.6982
684 36.7486
685 36.7993
686 36.8499
687 36.9016
688 36.9544
689 37.0082
690 37.0642
691 37.1208
692 37.1786
693 37.2362
694 37.2946
695 37.3535
696 37.4122
697 37.4708
698 37.5274
699 37.5839
700 37.6409
701 37.6988
702 37.7566
703 37.8148
704 37.8727
705 37.931
706 37.9881
707 38.0441
708 38.0991
709 38.1528
710 38.2051
711 38.2581
712 38.3102
713 38.3614
714 38.4119
715 38.4623
716 38.5126
717 38.5643
718 38.6143
719 38.6635
720 38.7125
721 38.7627
722 38.8144
723 38.8665
724 38.9207
725 38.9753
726 39.0305
727 39.0868
728 39.1434
729 39.2012
730 39.258
731 39.3132
732 39.3667
733 39.4182
734 39.4668
735 39.5151
736 39.5628
737 39.6102
738 39.6588
739 39.7076
740 39.7569
741 39.8074
742 39.8555
743 39.9026
744 39.9496
745 39.9955
746 40.0413
747 40.0866
748 40.131
749 40.1751
750 40.2202
751 40.265
752 40.3093
753 40.3534
754 40.3966
755 40.4394
756 40.4813
757 40.5236
758 40.5648
759 40.6051
760 40.645
761 40.6862
762 40.7278
763 40.7693
764 40.8131
765 40.8577
766 40.9039
767 40.9505
768 40.9966
769 41.0413
770 41.0854
771 41.1285
772 41.17
773 41.2113
774 41.2518
775 41.2922
776 41.3325
777 41.3722
778 41.4125
779 41.4528
780 41.4937
781 41.5346
782 41.5768
783 41.62
784 41.6637
785 41.7075
786 41.7507
787 41.7937
788 41.8364
789 41.8791
790 41.921
791 41.9638
792 42.0054
793 42.0478
794 42.0893
795 42.1306
796 42.1731
797 42.2162
798 42.2609
799 42.3056
800 42.3498
801 42.3947
802 42.4388
803 42.4814
804 42.5249
805 42.5691
806 42.6129
807 42.6562
808 42.7014
809 42.749
810 42.7983
811 42.8503
812 42.9031
813 42.957
814 43.01
815 43.0628
816 43.1147
817 43.1662
818 43.2171
819 43.2702
820 43.3235
821 43.3782
822 43.433
823 43.489
824 43.5449
825 43.6
826 43.6552
827 43.7087
828 43.762
829 43.8155
830 43.8679
831 43.9207
832 43.973
833 44.0259
834 44.0788
835 44.1319
836 44.1869
837 44.2414
838 44.2966
839 44.3527
840 44.4103
841 44.4677
842 44.5239
843 44.5795
844 44.6349
845 44.6913
846 44.7482
847 44.8052
848 44.8637
849 44.9219
850 44.9808
851 45.04
852 45.0989
853 45.157
854 45.2142
855 45.2716
856 45.3292
857 45.3859
858 45.4422
859 45.4981
860 45.5532
861 45.6082
862 45.6626
863 45.7152
864 45.7689
865 45.8223
866 45.8759
867 45.9302
868 45.9837
869 46.0362
870 46.0877
871 46.1386
872 46.19
873 46.2396
874 46.2886
875 46.3374
876 46.3869
877 46.4372
878 46.487
879 46.5367
880 46.5862
881 46.6354
882 46.6831
883 46.7308
884 46.778
885 46.8253
886 46.8721
887 46.9181
888 46.9641
889 47.0106
890 47.0578
891 47.1046
892 47.1508
893 47.1965
894 47.2421
895 47.2895
896 47.3365
897 47.3841
898 47.4324
899 47.4811
900 47.5287
901 47.576
902 47.6209
903 47.6659
904 47.7091
905 47.7501
906 47.7901
907 47.8301
908 47.8701
909 47.9091
910 47.9483
911 47.9867
912 48.027
913 48.0663
914 48.1052
915 48.1432
916 48.1815
917 48.219
918 48.2574
919 48.2976
920 48.3385
921 48.3807
922 48.4246
923 48.4706
924 48.5175
925 48.5625
926 48.6082
927 48.655
928 48.7003
929 48.7443
930 48.7877
931 48.8322
932 48.8787
933 48.9249
934 48.971
935 49.0183
936 49.0656
937 49.1134
938 49.1595
939 49.2045
940 49.2492
941 49.2939
942 49.3382
943 49.3824
944 49.4255
945 49.4689
946 49.5112
947 49.5551
948 49.5989
949 49.6436
950 49.6883
951 49.7337
952 49.7793
953 49.8239
954 49.8673
955 49.9118
956 49.9546
957 49.9975
958 50.0407
959 50.0859
960 50.1321
961 50.1784
962 50.2236
963 50.2704
964 50.3173
965 50.3638
966 50.4126
967 50.4618
968 50.5113
969 50.5597
970 50.6087
971 50.6572
972 50.7036
973 50.7513
974 50.7969
975 50.8418
976 50.887
977 50.9333
978 50.9818
979 51.0327
980 51.0837
981 51.1348
982 51.1878
983 51.2402
984 51.2918
985 51.3425
986 51.3935
987 51.4437
988 51.4935
989 51.5431
990 51.5931
991 51.6455
992 51.6991
993 51.7529
994 51.8074
995 51.8608
996 51.9144
997 51.9663
998 52.0193
999 52.0731
1000 52.1256
1001 52.1771
1002 52.228
1003 52.2792
1004 52.3328
1005 52.3857
1006 52.4389
1007 52.4925
1008 52.5458
1009 52.6003
1010 52.6548
1011 52.7096
1012 52.7655
1013 52.8216
1014 52.8762
1015 52.9312
1016 52.9873
1017 53.0431
1018 53.0984
1019 53.1536
1020 53.2074
1021 53.2606
1022 53.314
1023 53.367
1024 53.4181
1025 53.4655
1026 53.511
1027 53.555
1028 53.5994
1029 53.6442
1030 53.688
1031 53.7328
1032 53.7787
1033 53.8251
1034 53.8716
1035 53.9183
1036 53.9648
1037 54.0119
1038 54.0596
1039 54.1091
1040 54.1578
1041 54.2053
1042 54.2513
1043 54.2979
1044 54.3435
1045 54.391
1046 54.439
1047 54.488
1048 54.5364
1049 54.5841
1050 54.6318
1051 54.6801
1052 54.7277
1053 54.7776
1054 54.8281
1055 54.8805
1056 54.9333
1057 54.9857
1058 55.038
1059 55.0908
1060 55.1431
1061 55.1933
1062 55.2431
1063 55.2922
1064 55.3404
1065 55.3877
1066 55.4333
1067 55.4781
1068 55.5218
1069 55.5649
1070 55.6083
1071 55.651
1072 55.6937
1073 55.7376
1074 55.7811
1075 55.8259
1076 55.8711
1077 55.9173
1078 55.9631
1079 56.0093
1080 56.0563
1081 56.1022
1082 56.1472
1083 56.192
1084 56.2372
1085 56.282
1086 56.3274
1087 56.3745
1088 56.4211
1089 56.4665
1090 56.5121
1091 56.5563
1092 56.6016
1093 56.6463
1094 56.6907
1095 56.7351
1096 56.7786
1097 56.822
1098 56.8645
1099 56.9075
1100 56.9505
1101 56.9941
1102 57.0378
1103 57.0822
1104 57.1267
1105 57.1696
1106 57.2141
1107 57.2598
1108 57.3063
1109 57.3531
1110 57.399
1111 57.446
1112 57.4932
1113 57.541
1114 57.5905
1115 57.6404
1116 57.6913
1117 57.7436
1118 57.7957
1119 57.848
1120 57.9008
1121 57.9534
1122 58.0041
1123 58.0546
1124 58.1041
1125 58.1525
1126 58.2003
1127 58.2479
1128 58.2954
1129 58.3412
1130 58.388
1131 58.4347
1132 58.4815
1133 58.5276
1134 58.5751
1135 58.6225
1136 58.6709
1137 58.7198
1138 58.7683
1139 58.8173
1140 58.8678
1141 58.9206
1142 58.9745
1143 59.029
1144 59.0834
1145 59.1381
1146 59.1944
1147 59.2506
1148 59.3065
1149 59.3599
1150 59.4131
1151 59.4655
1152 59.5175
1153 59.5672
1154 59.6164
1155 59.6656
1156 59.7165
1157 59.7699
1158 59.8236
1159 59.8781
1160 59.9349
1161 59.9925
1162 60.0518
1163 60.1086
1164 60.1662
1165 60.2213
1166 60.2759
1167 60.3301
1168 60.384
1169 60.4377
1170 60.4931
1171 60.5489
1172 60.6064
1173 60.6646
1174 60.7213
1175 60.7767
1176 60.83
1177 60.883
1178 60.9363
1179 60.9904
1180 61.0445
1181 61.0996
1182 61.1549
1183 61.2119
1184 61.2681
1185 61.3237
1186 61.378
1187 61.4305
1188 61.4815
1189 61.5317
1190 61.5793
1191 61.6262
1192 61.6718
1193 61.715
1194 61.7594
1195 61.8061
1196 61.8536
1197 61.9039
1198 61.9556
1199 62.0078
1200 62.0589
1201 62.1108
1202 62.1611
1203 62.2097
1204 62.2572
1205 62.3037
1206 62.3479
1207 62.3898
1208 62.4316
1209 62.4717
1210 62.5115
1211 62.5514
1212 62.5923
1213 62.6337
1214 62.6748
1215 62.7167
1216 62.7587
1217 62.8017
1218 62.843
1219 62.8848
1220 62.9276
1221 62.9722
1222 63.0173
1223 63.0632
1224 63.108
1225 63.1515
1226 63.1953
1227 63.2382
1228 63.2797
1229 63.3199
1230 63.3596
1231 63.3999
1232 63.4408
1233 63.4843
1234 63.528
1235 63.5743
1236 63.6222
1237 63.6703
1238 63.7193
1239 63.769
1240 63.8188
1241 63.8684
1242 63.917
1243 63.9652
1244 64.0126
1245 64.0577
1246 64.1014
1247 64.1449
1248 64.1885
1249 64.232
1250 64.2759
1251 64.3221
1252 64.3694
1253 64.4187
1254 64.4699
1255 64.5212
1256 64.5711
1257 64.6179
1258 64.665
1259 64.7125
1260 64.7594
1261 64.8045
1262 64.8505
1263 64.8963
1264 64.9421
1265 64.9865
1266 65.0297
1267 65.0711
1268 65.1118
1269 65.1543
1270 65.1985
1271 65.2435
1272 65.2887
1273 65.3356
1274 65.3845
1275 65.435
1276 65.4857
1277 65.5356
1278 65.5868
1279 65.6382
1280 65.6885
1281 65.7389
1282 65.79
1283 65.8419
1284 65.8935
1285 65.9466
1286 65.9995
1287 66.0522
1288 66.1042
1289 66.1552
1290 66.2054
1291 66.2548
1292 66.3029
1293 66.3512
1294 66.3993
1295 66.4481
1296 66.497
1297 66.5456
1298 66.5934
1299 66.6415
1300 66.6911
1301 66.7425
1302 66.7946
1303 66.8464
1304 66.8968
1305 66.9468
1306 66.9972
1307 67.0463
1308 67.0941
1309 67.1416
1310 67.1904
1311 67.2384
1312 67.2855
1313 67.3336
1314 67.3834
1315 67.4347
1316 67.4869
1317 67.5402
1318 67.5937
1319 67.6482
1320 67.7037
1321 67.7579
1322 67.8098
1323 67.861
1324 67.9118
1325 67.9615
1326 68.0108
1327 68.0616
1328 68.1139
1329 68.1671
1330 68.2213
1331 68.2774
1332 68.3351
1333 68.3932
1334 68.4498
1335 68.5038
1336 68.5571
1337 68.6089
1338 68.6588
1339 68.707
1340 68.7553
1341 68.8031
1342 68.8521
1343 68.9019
1344 68.9519
1345 69.0023
1346 69.0536
1347 69.1054
1348 69.1582
1349 69.2105
1350 69.2618
1351 69.3118
1352 69.36
1353 69.4086
1354 69.4569
1355 69.5056
1356 69.5537
1357 69.6022
1358 69.6499
1359 69.6979
1360 69.7451
1361 69.7898
1362 69.833
1363 69.8749
1364 69.9178
1365 69.9604
1366 70.0031
