
1 1 -9.0000000000000000 -9.0000000000000000 0
2 1 -9.0000000000000000 -7.9900000000000002 0
3 1 -9.0000000000000000 -6.9800000000000004 0
4 1 -9.0000000000000000 -5.9700000000000006 0
5 1 -9.0000000000000000 -4.9600000000000009 0
6 1 -9.0000000000000000 -3.9500000000000011 0
7 1 -9.0000000000000000 -2.9400000000000013 0
8 1 -9.0000000000000000 -1.9300000000000015 0
9 1 -9.0000000000000000 -0.9200000000000017 0
10 1 -9.0000000000000000 0.0899999999999981 0
11 1 -9.0000000000000000 1.0999999999999979 0
12 1 -9.0000000000000000 2.1099999999999977 0
13 1 -9.0000000000000000 3.1199999999999974 0
14 1 -9.0000000000000000 4.1299999999999972 0
15 1 -9.0000000000000000 5.1399999999999970 0
16 1 -9.0000000000000000 6.1499999999999986 0
17 1 -9.0000000000000000 7.1600000000000001 0
18 1 -9.0000000000000000 8.1700000000000017 0
19 1 -9.0000000000000000 9.1800000000000033 0
20 1 -7.9900000000000002 -9.0000000000000000 0
21 1 -7.9900000000000002 -7.9900000000000002 0
22 1 -7.9900000000000002 -6.9800000000000004 0
23 1 -7.9900000000000002 -5.9700000000000006 0
24 1 -7.9900000000000002 -4.9600000000000009 0
25 1 -7.9900000000000002 -3.9500000000000011 0
26 1 -7.9900000000000002 -2.9400000000000013 0
27 1 -7.9900000000000002 -1.9300000000000015 0
28 1 -7.9900000000000002 -0.9200000000000017 0
29 1 -7.9900000000000002 0.0899999999999981 0
30 1 -7.9900000000000002 1.0999999999999979 0
31 1 -7.9900000000000002 2.1099999999999977 0
32 1 -7.9900000000000002 3.1199999999999974 0
33 1 -7.9900000000000002 4.1299999999999972 0
34 1 -7.9900000000000002 5.1399999999999970 0
35 1 -7.9900000000000002 6.1499999999999986 0
36 1 -7.9900000000000002 7.1600000000000001 0
37 1 -7.9900000000000002 8.1700000000000017 0
38 1 -7.9900000000000002 9.1800000000000033 0
39 1 -6.9800000000000004 -9.0000000000000000 0
40 1 -6.9800000000000004 -7.9900000000000002 0
41 1 -6.9800000000000004 -6.9800000000000004 0
42 1 -6.9800000000000004 -5.9700000000000006 0
43 1 -6.9800000000000004 -4.9600000000000009 0
44 1 -6.9800000000000004 -3.9500000000000011 0
45 1 -6.9800000000000004 -2.9400000000000013 0
46 1 -6.9800000000000004 -1.9300000000000015 0
47 1 -6.9800000000000004 -0.9200000000000017 0
48 1 -6.9800000000000004 0.0899999999999981 0
49 1 -6.9800000000000004 1.0999999999999979 0
50 1 -6.9800000000000004 2.1099999999999977 0
51 1 -6.9800000000000004 3.1199999999999974 0
52 1 -6.9800000000000004 4.1299999999999972 0
53 1 -6.9800000000000004 5.1399999999999970 0
54 1 -6.9800000000000004 6.1499999999999986 0
55 1 -6.9800000000000004 7.1600000000000001 0
56 1 -6.9800000000000004 8.1700000000000017 0
57 1 -6.9800000000000004 9.1800000000000033 0
58 1 -5.9700000000000006 -9.0000000000000000 0
59 1 -5.9700000000000006 -7.9900000000000002 0
60 1 -5.9700000000000006 -6.9800000000000004 0
61 1 -5.9700000000000006 -5.9700000000000006 0
62 1 -5.9700000000000006 -4.9600000000000009 0
63 1 -5.9700000000000006 -3.9500000000000011 0
64 1 -5.9700000000000006 -2.9400000000000013 0
65 1 -5.9700000000000006 -1.9300000000000015 0
66 1 -5.9700000000000006 -0.9200000000000017 0
67 1 -5.9700000000000006 0.0899999999999981 0
68 1 -5.9700000000000006 1.0999999999999979 0
69 1 -5.9700000000000006 2.1099999999999977 0
70 1 -5.9700000000000006 3.1199999999999974 0
71 1 -5.9700000000000006 4.1299999999999972 0
72 1 -5.9700000000000006 5.1399999999999970 0
73 1 -5.9700000000000006 6.1499999999999986 0
74 1 -5.9700000000000006 7.1600000000000001 0
75 1 -5.9700000000000006 8.1700000000000017 0
76 1 -5.9700000000000006 9.1800000000000033 0
77 1 -4.9600000000000009 -9.0000000000000000 0
78 1 -4.9600000000000009 -7.9900000000000002 0
79 1 -4.9600000000000009 -6.9800000000000004 0
80 1 -4.9600000000000009 -5.9700000000000006 0
81 1 -4.9600000000000009 -4.9600000000000009 0
82 1 -4.9600000000000009 -3.9500000000000011 0
83 1 -4.9600000000000009 -2.9400000000000013 0
84 1 -4.9600000000000009 -1.9300000000000015 0
85 1 -4.9600000000000009 -0.9200000000000017 0
86 1 -4.9600000000000009 0.0899999999999981 0
87 1 -4.9600000000000009 1.0999999999999979 0
88 1 -4.9600000000000009 2.1099999999999977 0
89 1 -4.9600000000000009 3.1199999999999974 0
90 1 -4.9600000000000009 4.1299999999999972 0
91 1 -4.9600000000000009 5.1399999999999970 0
92 1 -4.9600000000000009 6.1499999999999986 0
93 1 -4.9600000000000009 7.1600000000000001 0
94 1 -4.9600000000000009 8.1700000000000017 0
95 1 -4.9600000000000009 9.1800000000000033 0
96 1 -3.9500000000000011 -9.0000000000000000 0
97 1 -3.9500000000000011 -7.9900000000000002 0
98 1 -3.9500000000000011 -6.9800000000000004 0
99 1 -3.9500000000000011 -5.9700000000000006 0
100 1 -3.9500000000000011 -4.9600000000000009 0
101 1 -3.9500000000000011 -3.9500000000000011 0
102 1 -3.9500000000000011 -2.9400000000000013 0
103 1 -3.9500000000000011 -1.9300000000000015 0
104 1 -3.9500000000000011 -0.9200000000000017 0
105 1 -3.9500000000000011 0.0899999999999981 0
106 1 -3.9500000000000011 1.0999999999999979 0
107 1 -3.9500000000000011 2.1099999999999977 0
108 1 -3.9500000000000011 3.1199999999999974 0
109 1 -3.9500000000000011 4.1299999999999972 0
110 1 -3.9500000000000011 5.1399999999999970 0
111 1 -3.9500000000000011 6.1499999999999986 0
112 1 -3.9500000000000011 7.1600000000000001 0
113 1 -3.9500000000000011 8.1700000000000017 0
114 1 -3.9500000000000011 9.1800000000000033 0
115 1 -2.9400000000000013 -9.0000000000000000 0
116 1 -2.9400000000000013 -7.9900000000000002 0
117 1 -2.9400000000000013 -6.9800000000000004 0
118 1 -2.9400000000000013 -5.9700000000000006 0
119 1 -2.9400000000000013 -4.9600000000000009 0
120 1 -2.9400000000000013 -3.9500000000000011 0
121 1 -2.9400000000000013 -2.9400000000000013 0
122 1 -2.9400000000000013 -1.9300000000000015 0
123 1 -2.9400000000000013 -0.9200000000000017 0
124 1 -2.9400000000000013 0.0899999999999981 0
125 1 -2.9400000000000013 1.0999999999999979 0
126 1 -2.9400000000000013 2.1099999999999977 0
127 1 -2.9400000000000013 3.1199999999999974 0
128 1 -2.9400000000000013 4.1299999999999972 0
129 1 -2.9400000000000013 5.1399999999999970 0
130 1 -2.9400000000000013 6.1499999999999986 0
131 1 -2.9400000000000013 7.1600000000000001 0
132 1 -2.9400000000000013 8.1700000000000017 0
133 1 -2.9400000000000013 9.1800000000000033 0
134 1 -1.9300000000000015 -9.0000000000000000 0
135 1 -1.9300000000000015 -7.9900000000000002 0
136 1 -1.9300000000000015 -6.9800000000000004 0
137 1 -1.9300000000000015 -5.9700000000000006 0
138 1 -1.9300000000000015 -4.9600000000000009 0
139 1 -1.9300000000000015 -3.9500000000000011 0
140 1 -1.9300000000000015 -2.9400000000000013 0
141 1 -1.9300000000000015 -1.9300000000000015 0
142 1 -1.9300000000000015 -0.9200000000000017 0
143 1 -1.9300000000000015 0.0899999999999981 0
144 1 -1.9300000000000015 1.0999999999999979 0
145 1 -1.9300000000000015 2.1099999999999977 0
146 1 -1.9300000000000015 3.1199999999999974 0
147 1 -1.9300000000000015 4.1299999999999972 0
148 1 -1.9300000000000015 5.1399999999999970 0
149 1 -1.9300000000000015 6.1499999999999986 0
150 1 -1.9300000000000015 7.1600000000000001 0
151 1 -1.9300000000000015 8.1700000000000017 0
152 1 -1.9300000000000015 9.1800000000000033 0
153 1 -0.9200000000000017 -9.0000000000000000 0
154 1 -0.9200000000000017 -7.9900000000000002 0
155 1 -0.9200000000000017 -6.9800000000000004 0
156 1 -0.9200000000000017 -5.9700000000000006 0
157 1 -0.9200000000000017 -4.9600000000000009 0
158 1 -0.9200000000000017 -3.9500000000000011 0
159 1 -0.9200000000000017 -2.9400000000000013 0
160 1 -0.9200000000000017 -1.9300000000000015 0
161 1 -0.9200000000000017 -0.9200000000000017 0
162 1 -0.9200000000000017 0.0899999999999981 0
163 1 -0.9200000000000017 1.0999999999999979 0
164 1 -0.9200000000000017 2.1099999999999977 0
165 1 -0.9200000000000017 3.1199999999999974 0
166 1 -0.9200000000000017 4.1299999999999972 0
167 1 -0.9200000000000017 5.1399999999999970 0
168 1 -0.9200000000000017 6.1499999999999986 0
169 1 -0.9200000000000017 7.1600000000000001 0
170 1 -0.9200000000000017 8.1700000000000017 0
171 1 -0.9200000000000017 9.1800000000000033 0
172 1 0.0899999999999981 -9.0000000000000000 0
173 1 0.0899999999999981 -7.9900000000000002 0
174 1 0.0899999999999981 -6.9800000000000004 0
175 1 0.0899999999999981 -5.9700000000000006 0
176 1 0.0899999999999981 -4.9600000000000009 0
177 1 0.0899999999999981 -3.9500000000000011 0
178 1 0.0899999999999981 -2.9400000000000013 0
179 1 0.0899999999999981 -1.9300000000000015 0
180 1 0.0899999999999981 -0.9200000000000017 0
181 1 0.0899999999999981 0.0899999999999981 0
182 1 0.0899999999999981 1.0999999999999979 0
183 1 0.0899999999999981 2.1099999999999977 0
184 1 0.0899999999999981 3.1199999999999974 0
185 1 0.0899999999999981 4.1299999999999972 0
186 1 0.0899999999999981 5.1399999999999970 0
187 1 0.0899999999999981 6.1499999999999986 0
188 1 0.0899999999999981 7.1600000000000001 0
189 1 0.0899999999999981 8.1700000000000017 0
190 1 0.0899999999999981 9.1800000000000033 0
191 1 1.0999999999999979 -9.0000000000000000 0
192 1 1.0999999999999979 -7.9900000000000002 0
193 1 1.0999999999999979 -6.9800000000000004 0
194 1 1.0999999999999979 -5.9700000000000006 0
195 1 1.0999999999999979 -4.9600000000000009 0
196 1 1.0999999999999979 -3.9500000000000011 0
197 1 1.0999999999999979 -2.9400000000000013 0
198 1 1.0999999999999979 -1.9300000000000015 0
199 1 1.0999999999999979 -0.9200000000000017 0
200 1 1.0999999999999979 0.0899999999999981 0
201 1 1.0999999999999979 1.0999999999999979 0
202 1 1.0999999999999979 2.1099999999999977 0
203 1 1.0999999999999979 3.1199999999999974 0
204 1 1.0999999999999979 4.1299999999999972 0
205 1 1.0999999999999979 5.1399999999999970 0
206 1 1.0999999999999979 6.1499999999999986 0
207 1 1.0999999999999979 7.1600000000000001 0
208 1 1.0999999999999979 8.1700000000000017 0
209 1 1.0999999999999979 9.1800000000000033 0
210 1 2.1099999999999977 -9.0000000000000000 0
211 1 2.1099999999999977 -7.9900000000000002 0
212 1 2.1099999999999977 -6.9800000000000004 0
213 1 2.1099999999999977 -5.9700000000000006 0
214 1 2.1099999999999977 -4.9600000000000009 0
215 1 2.1099999999999977 -3.9500000000000011 0
216 1 2.1099999999999977 -2.9400000000000013 0
217 1 2.1099999999999977 -1.9300000000000015 0
218 1 2.1099999999999977 -0.9200000000000017 0
219 1 2.1099999999999977 0.0899999999999981 0
220 1 2.1099999999999977 1.0999999999999979 0
221 1 2.1099999999999977 2.1099999999999977 0
222 1 2.1099999999999977 3.1199999999999974 0
223 1 2.1099999999999977 4.1299999999999972 0
224 1 2.1099999999999977 5.1399999999999970 0
225 1 2.1099999999999977 6.1499999999999986 0
226 1 2.1099999999999977 7.1600000000000001 0
227 1 2.1099999999999977 8.1700000000000017 0
228 1 2.1099999999999977 9.1800000000000033 0
229 1 3.1199999999999974 -9.0000000000000000 0
230 1 3.1199999999999974 -7.9900000000000002 0
231 1 3.1199999999999974 -6.9800000000000004 0
232 1 3.1199999999999974 -5.9700000000000006 0
233 1 3.1199999999999974 -4.9600000000000009 0
234 1 3.1199999999999974 -3.9500000000000011 0
235 1 3.1199999999999974 -2.9400000000000013 0
236 1 3.1199999999999974 -1.9300000000000015 0
237 1 3.1199999999999974 -0.9200000000000017 0
238 1 3.1199999999999974 0.0899999999999981 0
239 1 3.1199999999999974 1.0999999999999979 0
240 1 3.1199999999999974 2.1099999999999977 0
241 1 3.1199999999999974 3.1199999999999974 0
242 1 3.1199999999999974 4.1299999999999972 0
243 1 3.1199999999999974 5.1399999999999970 0
244 1 3.1199999999999974 6.1499999999999986 0
245 1 3.1199999999999974 7.1600000000000001 0
246 1 3.1199999999999974 8.1700000000000017 0
247 1 3.1199999999999974 9.1800000000000033 0
248 1 4.1299999999999972 -9.0000000000000000 0
249 1 4.1299999999999972 -7.9900000000000002 0
250 1 4.1299999999999972 -6.9800000000000004 0
251 1 4.1299999999999972 -5.9700000000000006 0
252 1 4.1299999999999972 -4.9600000000000009 0
253 1 4.1299999999999972 -3.9500000000000011 0
254 1 4.1299999999999972 -2.9400000000000013 0
255 1 4.1299999999999972 -1.9300000000000015 0
256 1 4.1299999999999972 -0.9200000000000017 0
257 1 4.1299999999999972 0.0899999999999981 0
258 1 4.1299999999999972 1.0999999999999979 0
259 1 4.1299999999999972 2.1099999999999977 0
260 1 4.1299999999999972 3.1199999999999974 0
261 1 4.1299999999999972 4.1299999999999972 0
262 1 4.1299999999999972 5.1399999999999970 0
263 1 4.1299999999999972 6.1499999999999986 0
264 1 4.1299999999999972 7.1600000000000001 0
265 1 4.1299999999999972 8.1700000000000017 0
266 1 4.1299999999999972 9.1800000000000033 0
267 1 5.1399999999999970 -9.0000000000000000 0
268 1 5.1399999999999970 -7.9900000000000002 0
269 1 5.1399999999999970 -6.9800000000000004 0
270 1 5.1399999999999970 -5.9700000000000006 0
271 1 5.1399999999999970 -4.9600000000000009 0
272 1 5.1399999999999970 -3.9500000000000011 0
273 1 5.1399999999999970 -2.9400000000000013 0
274 1 5.1399999999999970 -1.9300000000000015 0
275 1 5.1399999999999970 -0.9200000000000017 0
276 1 5.1399999999999970 0.0899999999999981 0
277 1 5.1399999999999970 1.0999999999999979 0
278 1 5.1399999999999970 2.1099999999999977 0
279 1 5.1399999999999970 3.1199999999999974 0
280 1 5.1399999999999970 4.1299999999999972 0
281 1 5.1399999999999970 5.1399999999999970 0
282 1 5.1399999999999970 6.1499999999999986 0
283 1 5.1399999999999970 7.1600000000000001 0
284 1 5.1399999999999970 8.1700000000000017 0
285 1 5.1399999999999970 9.1800000000000033 0
286 1 6.1499999999999986 -9.0000000000000000 0
287 1 6.1499999999999986 -7.9900000000000002 0
288 1 6.1499999999999986 -6.9800000000000004 0
289 1 6.1499999999999986 -5.9700000000000006 0
290 1 6.1499999999999986 -4.9600000000000009 0
291 1 6.1499999999999986 -3.9500000000000011 0
292 1 6.1499999999999986 -2.9400000000000013 0
293 1 6.1499999999999986 -1.9300000000000015 0
294 1 6.1499999999999986 -0.9200000000000017 0
295 1 6.1499999999999986 0.0899999999999981 0
296 1 6.1499999999999986 1.0999999999999979 0
297 1 6.1499999999999986 2.1099999999999977 0
298 1 6.1499999999999986 3.1199999999999974 0
299 1 6.1499999999999986 4.1299999999999972 0
300 1 6.1499999999999986 5.1399999999999970 0
301 1 6.1499999999999986 6.1499999999999986 0
302 1 6.1499999999999986 7.1600000000000001 0
303 1 6.1499999999999986 8.1700000000000017 0
304 1 6.1499999999999986 9.1800000000000033 0
305 1 7.1600000000000001 -9.0000000000000000 0
306 1 7.1600000000000001 -7.9900000000000002 0
307 1 7.1600000000000001 -6.9800000000000004 0
308 1 7.1600000000000001 -5.9700000000000006 0
309 1 7.1600000000000001 -4.9600000000000009 0
310 1 7.1600000000000001 -3.9500000000000011 0
311 1 7.1600000000000001 -2.9400000000000013 0
312 1 7.1600000000000001 -1.9300000000000015 0
313 1 7.1600000000000001 -0.9200000000000017 0
314 1 7.1600000000000001 0.0899999999999981 0
315 1 7.1600000000000001 1.0999999999999979 0
316 1 7.1600000000000001 2.1099999999999977 0
317 1 7.1600000000000001 3.1199999999999974 0
318 1 7.1600000000000001 4.1299999999999972 0
319 1 7.1600000000000001 5.1399999999999970 0
320 1 7.1600000000000001 6.1499999999999986 0
321 1 7.1600000000000001 7.1600000000000001 0
322 1 7.1600000000000001 8.1700000000000017 0
323 1 7.1600000000000001 9.1800000000000033 0
324 1 8.1700000000000017 -9.0000000000000000 0
325 1 8.1700000000000017 -7.9900000000000002 0
326 1 8.1700000000000017 -6.9800000000000004 0
327 1 8.1700000000000017 -5.9700000000000006 0
328 1 8.1700000000000017 -4.9600000000000009 0
329 1 8.1700000000000017 -3.9500000000000011 0
330 1 8.1700000000000017 -2.9400000000000013 0
331 1 8.1700000000000017 -1.9300000000000015 0
332 1 8.1700000000000017 -0.9200000000000017 0
333 1 8.1700000000000017 0.0899999999999981 0
334 1 8.1700000000000017 1.0999999999999979 0
335 1 8.1700000000000017 2.1099999999999977 0
336 1 8.1700000000000017 3.1199999999999974 0
337 1 8.1700000000000017 4.1299999999999972 0
338 1 8.1700000000000017 5.1399999999999970 0
339 1 8.1700000000000017 6.1499999999999986 0
340 1 8.1700000000000017 7.1600000000000001 0
341 1 8.1700000000000017 8.1700000000000017 0
342 1 8.1700000000000017 9.1800000000000033 0
343 1 9.1800000000000033 -9.0000000000000000 0
344 1 9.1800000000000033 -7.9900000000000002 0
345 1 9.1800000000000033 -6.9800000000000004 0
346 1 9.1800000000000033 -5.9700000000000006 0
347 1 9.1800000000000033 -4.9600000000000009 0
348 1 9.1800000000000033 -3.9500000000000011 0
349 1 9.1800000000000033 -2.9400000000000013 0
350 1 9.1800000000000033 -1.9300000000000015 0
351 1 9.1800000000000033 -0.9200000000000017 0
352 1 9.1800000000000033 0.0899999999999981 0
353 1 9.1800000000000033 1.0999999999999979 0
354 1 9.1800000000000033 2.1099999999999977 0
355 1 9.1800000000000033 3.1199999999999974 0
356 1 9.1800000000000033 4.1299999999999972 0
357 1 9.1800000000000033 5.1399999999999970 0
358 1 9.1800000000000033 6.1499999999999986 0
359 1 9.1800000000000033 7.1600000000000001 0
360 1 9.1800000000000033 8.1700000000000017 0
361 1 9.1800000000000033 9.1800000000000033 0
362 1 10.1900000000000048 -9.0000000000000000 0
363 1 10.1900000000000048 -7.9900000000000002 0
364 1 10.1900000000000048 -6.9800000000000004 0
365 1 10.1900000000000048 -5.9700000000000006 0
366 1 10.1900000000000048 -4.9600000000000009 0
367 1 10.1900000000000048 -3.9500000000000011 0
368 1 10.1900000000000048 -2.9400000000000013 0
369 1 10.1900000000000048 -1.9300000000000015 0
370 1 10.1900000000000048 -0.9200000000000017 0
371 1 10.1900000000000048 0.0899999999999981 0
372 1 10.1900000000000048 1.0999999999999979 0
373 1 10.1900000000000048 2.1099999999999977 0
374 1 10.1900000000000048 3.1199999999999974 0
375 1 10.1900000000000048 4.1299999999999972 0
376 1 10.1900000000000048 5.1399999999999970 0
377 1 10.1900000000000048 6.1499999999999986 0
378 1 10.1900000000000048 7.1600000000000001 0
379 1 10.1900000000000048 8.1700000000000017 0
380 1 10.1900000000000048 9.1800000000000033 0
381 1 11.2000000000000064 -9.0000000000000000 0
382 1 11.2000000000000064 -7.9900000000000002 0
383 1 11.2000000000000064 -6.9800000000000004 0
384 1 11.2000000000000064 -5.9700000000000006 0
385 1 11.2000000000000064 -4.9600000000000009 0
386 1 11.2000000000000064 -3.9500000000000011 0
387 1 11.2000000000000064 -2.9400000000000013 0
388 1 11.2000000000000064 -1.9300000000000015 0
389 1 11.2000000000000064 -0.9200000000000017 0
390 1 11.2000000000000064 0.0899999999999981 0
391 1 11.2000000000000064 1.0999999999999979 0
392 1 11.2000000000000064 2.1099999999999977 0
393 1 11.2000000000000064 3.1199999999999974 0
394 1 11.2000000000000064 4.1299999999999972 0
395 1 11.2000000000000064 5.1399999999999970 0
396 1 11.2000000000000064 6.1499999999999986 0
397 1 11.2000000000000064 7.1600000000000001 0
398 1 11.2000000000000064 8.1700000000000017 0
399 1 11.2000000000000064 9.1800000000000033 0
400 1 12.2100000000000080 -9.0000000000000000 0
401 1 12.2100000000000080 -7.9900000000000002 0
402 1 12.2100000000000080 -6.9800000000000004 0
403 1 12.2100000000000080 -5.9700000000000006 0
404 1 12.2100000000000080 -4.9600000000000009 0
405 1 12.2100000000000080 -3.9500000000000011 0
406 1 12.2100000000000080 -2.9400000000000013 0
407 1 -10.0000000000000000 -10.0000000000000000 0
