  3808000   206125.08    
   3809000   199645.88    
   3810000   204192.28    
   3811000   201755.75    
   3812000   196816.66    
   3813000   197897.9     
   3814000   200998.01    
   3815000   199295.28    
   3816000   199340.85    
   3817000   195399.03    
   3818000   200526.14    
   3819000   200299.28    
   3820000   202353.82    
   3821000   200321.1     
   3822000   207526.61    
   3823000   195640.3     
   3824000   201818.94    
   3825000   201800.07    
   3826000   197695.28    
   3827000   199214.59    
   3828000   202197.43    
   3829000   199497.72    
   3830000   201033.08    
   3831000   196053.04    
   3832000   199358.05    
   3833000   203904.11    
   3834000   199799.79    
   3835000   199377.64    
   3836000   203674.55    
   3837000   199933.08    
   3838000   201190.92    
   3839000   200686.88    
   3840000   204698.68    
   3841000   197868.2     
   3842000   198232.6     
   3843000   201068.96    
   3844000   197889.44    
   3845000   197492.06    
   3846000   204462.06    
   3847000   203475.5     
   3848000   202963.32    
   3849000   204566.57    
   3850000   195481.67    
   3851000   198061.98    
   3852000   194575       
   3853000   201815.49    
   3854000   202950.22    
   3855000   200624.47    
   3856000   200134.37    
   3857000   203443.11    
   3858000   197795.51    
   3859000   200791.67    
   3860000   196442.62    
   3861000   197037.45    
   3862000   197484.17    
   3863000   198004.01    
   3864000   200955.11    
   3865000   202086.31    
   3866000   205151.75    
   3867000   201517.73    
   3868000   201522.3     
   3869000   197111.89    
   3870000   200121.01    
   3871000   199055.73    
   3872000   200736.58    
   3873000   203471       
   3874000   197181.91    
   3875000   204718.09    
   3876000   198737.83    
   3877000   203136.1     
   3878000   200224.02    
   3879000   198136.54    
   3880000   206898.74    
   3881000   199874.95    
   3882000   197900.83    
   3883000   203945.01    
   3884000   200561.4     
   3885000   202129.16    
   3886000   200494.07    
   3887000   199881.65    
   3888000   202811.86    
   3889000   200791.29    
   3890000   203290.47    
   3891000   200720.66    
   3892000   200642.61    
   3893000   196350.84    
   3894000   202025.14    
   3895000   200596.36    
   3896000   198962.31    
   3897000   194785.69    
   3898000   197068.62    
   3899000   199409.66    
   3900000   195653.56    
   3901000   200384.3     
   3902000   198500.71    
   3903000   197525.76    
   3904000   200029.51    
   3905000   204539.41    
   3906000   199796.09    
   3907000   201205.99    
   3908000   206936.37    
   3909000   195472.07    
   3910000   202573.6     
   3911000   203211.14    
   3912000   198712.46    
   3913000   198085.58    
   3914000   199998.83    
   3915000   196348.52    
   3916000   201688.71    
   3917000   196198.38    
   3918000   201793.25    
   3919000   195349       
   3920000   196126       
   3921000   200838.37    
   3922000   198784.38    
   3923000   198485.2     
   3924000   205031.76    
   3925000   201482.29    
   3926000   199895.15    
   3927000   195692.12    
   3928000   192648.18    
   3929000   201629.81    
   3930000   200763.58    
   3931000   194042.58    
   3932000   196454.67    
   3933000   197410.54    
   3934000   208418.71    
   3935000   198122.55    
   3936000   197548.82    
   3937000   198976.25    
   3938000   199517.13    
   3939000   201684.9     
   3940000   203354.44    
   3941000   200621.73    
   3942000   200790.22    
   3943000   196627.77    
   3944000   200148.96    
   3945000   202316.19    
   3946000   201067       
   3947000   196188.67    
   3948000   199816.28    
   3949000   198733.64    
   3950000   198445.08    
   3951000   196534.99    
   3952000   197819.18    
   3953000   199269.64    
   3954000   199414.6     
   3955000   194583.39    
   3956000   202631.6     
   3957000   191650.18    
   3958000   200076.95    
   3959000   201115.09    
   3960000   201321.63    
   3961000   198974.52    
   3962000   206505.96    
   3963000   196677.82    
   3964000   199731.15    
   3965000   202135.89    
   3966000   201208.43    
   3967000   198034.57    
   3968000   198015.59    
   3969000   199753.32    
   3970000   198886.56    
   3971000   202709.23    
   3972000   201559.15    
   3973000   196248.67    
   3974000   200273.59    
   3975000   201120.1     
   3976000   197237.61    
   3977000   203324.78    
   3978000   201141.26    
   3979000   205472.91    
   3980000   199235.48    
   3981000   197927.98    
   3982000   200902.33    
   3983000   200844.51    
   3984000   204251.46    
   3985000   196463.61    
   3986000   198079.67    
   3987000   204918.41    
   3988000   198068.71    
   3989000   198573.05    
   3990000   197205.26    
   3991000   197586.54    
   3992000   196060.78    
   3993000   200666.15    
   3994000   201021.08    
   3995000   203428.72    
   3996000   201140.06    
   3997000   202319.82    
   3998000   198076.16    
   3999000   197043.85    
   4000000   200775.61    
   4001000   203456.03    
   4002000   200925.89    
   4003000   194487.72    
   4004000   196803.26    
   4005000   200731.22    
   4006000   196910.44    
   4007000   198324.3     
   4008000   201967.5     
   4009000   197581.21    
   4010000   200534.22    
   4011000   201201.54    
   4012000   198669.3     
   4013000   197063.97    
   4014000   195627.99    
   4015000   203586.7     
   4016000   206070.18    
   4017000   202723.42    
   4018000   194089.04    
   4019000   199923.21    
   4020000   203088.27    
   4021000   201551.68    
   4022000   201038.05    
   4023000   194552.77    
   4024000   199184.66    
   4025000   199157.75    
   4026000   201970.23    
   4027000   202002       
   4028000   199750.57    
   4029000   200271.34    
   4030000   197190.08    
   4031000   197227.5     
   4032000   200376.62    
   4033000   199225.69    
   4034000   203191.73    
   4035000   197761.27    
   4036000   204669.82    
   4037000   203779.71    
   4038000   198465.49    
   4039000   203041.63    
   4040000   195526.05    
   4041000   199476.12    
   4042000   203487.24    
   4043000   201670.96    
   4044000   199609.28    
   4045000   202131.75    
   4046000   201394.94    
   4047000   196495.2     
   4048000   199254.62    
   4049000   203042.09    
   4050000   196793.22    
   4051000   200420.14    
   4052000   202816.62    
   4053000   197276.67    
   4054000   204850.38    
   4055000   198779.72    
   4056000   202254.06    
   4057000   193790.68    
   4058000   192282.96    
   4059000   196064.71    
   4060000   197215.94    
   4061000   207645.55    
   4062000   195195.04    
   4063000   196623.28    
   4064000   204773.5     
   4065000   204658.7     
   4066000   204677.56    
   4067000   199272.78    
   4068000   203152.6     
   4069000   197181.87    
   4070000   199037.69    
   4071000   200160.47    
   4072000   200153.36    
   4073000   198616.51    
   4074000   197744.12    
   4075000   205262.63    
   4076000   198416.18    
   4077000   200510.45    
   4078000   196661.38    
   4079000   202857.53    
   4080000   201766.94    
   4081000   199533.18    
   4082000   197502.65    
   4083000   199573.68    
   4084000   199901       
   4085000   197407.44    
   4086000   200861.25    
   4087000   200315.02    
   4088000   199932.15    
   4089000   199855.13    
   4090000   196859.06    
   4091000   198804.74    
   4092000   199985.9     
   4093000   197423.79    
   4094000   197317.51    
   4095000   200837.24    
   4096000   196493.91    
   4097000   202857.67    
   4098000   194043.12    
   4099000   196094.37    
   4100000   201349.85    
   4101000   198425.11    
   4102000   205431.47    
   4103000   199434.26    
   4104000   201543.84    
   4105000   198719.48    
   4106000   196627.18    
   4107000   198276.43    
   4108000   195431.05    
   4109000   202659.51    
   4110000   201004.61    
   4111000   196724.58    
   4112000   198865.96    
   4113000   199626.78    
   4114000   199118.67    
   4115000   200823.39    
   4116000   196802.49    
   4117000   202585.55    
   4118000   198450.79    
   4119000   201589.26    
   4120000   202633.69    
   4121000   192965.51    
   4122000   205892.09    
   4123000   201238.65    
   4124000   201347.89    
   4125000   197674.3     
   4126000   200377.38    
   4127000   201496.72    
   4128000   198424.92    
   4129000   194627.45    
   4130000   200499.44    
   4131000   199329.04    
   4132000   198311.89    
   4133000   199575.19    
   4134000   203517.35    
   4135000   202035.55    
   4136000   199468.3     
   4137000   195660.86    
   4138000   198330.6     
   4139000   199403.95    
   4140000   198945.34    
   4141000   202135.59    
   4142000   196358.33    
   4143000   198090.8     
   4144000   199713.17    
   4145000   198176.81    
   4146000   198654.89    
   4147000   198246.61    
   4148000   197790.16    
   4149000   198827.45    
   4150000   202630.65    
   4151000   199810.79    
   4152000   198098.91    
   4153000   198995.35    
   4154000   197530.74    
   4155000   198043.66    
   4156000   204583.07    
   4157000   199281.52    
   4158000   203422.67    
   4159000   198202.79    
   4160000   199921.19    
   4161000   199234.16    
   4162000   196457.06    
   4163000   205029.93    
   4164000   198779.19    
   4165000   204376.05    
   4166000   199177.33    
   4167000   203064.26    
   4168000   201764.24    
   4169000   204387.75    
   4170000   201639.33    
   4171000   207577.76    
   4172000   202641.51    
   4173000   200721.82    
   4174000   204506.32    
   4175000   196196.54    
   4176000   196658.04    
   4177000   193005.29    
   4178000   198214.08    
   4179000   198206.54    
   4180000   204316.08    
   4181000   196078.86    
   4182000   205188.5     
   4183000   197739.01    
   4184000   203291.34    
   4185000   201370.2     
   4186000   196406.77    
   4187000   196133.42    
   4188000   199863.81    
   4189000   197034.6     
   4190000   202507.13    
   4191000   200777.59    
   4192000   200764.43    
   4193000   197639.7     
   4194000   201443.29    
   4195000   200316.03    
   4196000   197161.29    
   4197000   198633       
   4198000   202498.22    
   4199000   201973.73    
   4200000   198972.51    
   4201000   201681.91    
   4202000   202259.17    
   4203000   194488.18    
   4204000   195995.66    
   4205000   194423.23    
   4206000   201823.95    
   4207000   202594.62    
   4208000   197034.2     
   4209000   203556.63    
   4210000   199176.52    
   4211000   197041.38    
   4212000   198729.75    
   4213000   195566.25    
   4214000   200120.62    
   4215000   199683.74    
   4216000   194191.26    
   4217000   201853.5     
   4218000   197102.64    
   4219000   196408.98    
   4220000   194599.21    
   4221000   194243.39    
   4222000   201766.68    
   4223000   196779.48    
   4224000   203276.26    
   4225000   201586.8     
   4226000   204128.95    
   4227000   200144.03    
   4228000   199580.91    
   4229000   202799.07    
   4230000   203150.92    
   4231000   199486.83    
   4232000   199310.42    
   4233000   197560.81    
   4234000   206409.97    
   4235000   200061.79    
   4236000   199223.83    
   4237000   202633.02    
   4238000   197780.04    
   4239000   196362.68    
   4240000   201720.34    
   4241000   198198.73    
   4242000   197957.18    
   4243000   204938.42    
   4244000   194798.8     
   4245000   198054.3     
   4246000   202498.84    
   4247000   198287.96    
   4248000   198265.68    
   4249000   202325.94    
   4250000   194395.7     
   4251000   201006.59    
   4252000   199619.22    
   4253000   201706.24    
   4254000   197626.01    
   4255000   202756.56    
   4256000   206754.66    
   4257000   204397.57    
   4258000   196904.42    
   4259000   202479.12    
   4260000   205397.7     
   4261000   199145.05    
   4262000   196366.64    
   4263000   199508.12    
   4264000   200994.87    
   4265000   195089.33    
   4266000   198910.08    
   4267000   201038.83    
   4268000   198019.73    
   4269000   201433.47    
   4270000   200442.69    
   4271000   202651.43    
   4272000   194740.72    
   4273000   196552.12    
   4274000   203385.87    
   4275000   202456.35    
   4276000   197221.49    
   4277000   202444.48    
   4278000   202113.54    
   4279000   199508       
   4280000   200715.38    
   4281000   198348.92    
   4282000   204374.49    
   4283000   199322.92    
   4284000   201519.33    
   4285000   194878.08    
   4286000   201292.68    
   4287000   200971.83    
   4288000   205193.78    
   4289000   202256.25    
   4290000   203727.3     
   4291000   206061.04    
   4292000   200016.65    
   4293000   201587.48    
   4294000   199305.92    
   4295000   200430.22    
   4296000   202155.74    
   4297000   195601.11    
   4298000   200890.51    
   4299000   205496.09    
   4300000   201867.72    
   4301000   198182.68    
   4302000   199809.24    
   4303000   197791.67    
   4304000   201175.12    
   4305000   197458.64    
   4306000   202173.19    
   4307000   196923.95    
   4308000   200290.25    
   4309000   198473.3     
   4310000   205113.49    
   4311000   204098.66    
   4312000   201784.37    
   4313000   198395.2     
   4314000   196063.65    
   4315000   201846.39    
   4316000   195867.83    
   4317000   194243.25    
   4318000   198625.76    
   4319000   203035.55    
   4320000   197580.57    
   4321000   200303.11    
   4322000   202775.79    
   4323000   201002.66    
   4324000   199038.06    
   4325000   200991.17    
   4326000   198301.5     
   4327000   201918.18    
   4328000   201123.33    
   4329000   198180.56    
   4330000   198062.83    
   4331000   203622.8     
   4332000   201688.29    
   4333000   199498.66    
   4334000   198296.01    
   4335000   194706.2     
   4336000   197922.11    
   4337000   198089.01    
   4338000   198985.2     
   4339000   200933.13    
   4340000   201065.53    
   4341000   199782.81    
   4342000   198504.47    
   4343000   197330.34    
   4344000   201562.59    
   4345000   197780.22    
   4346000   200520.34    
   4347000   198263.36    
   4348000   203174.55    
   4349000   196820.22    
   4350000   202404.14    
   4351000   196396.58    
   4352000   201337.62    
   4353000   198998.4     
   4354000   210111.83    
   4355000   196387.64    
   4356000   201624.74    
   4357000   202465.16    
   4358000   197714.92    
   4359000   192609.8     
   4360000   197943.87    
   4361000   199126.63    
   4362000   200594.75    
   4363000   196223.67    
   4364000   199331.46    
   4365000   203224.11    
   4366000   197013.44    
   4367000   199223.61    
   4368000   200634.79    
   4369000   203460.41    
   4370000   194909.33    
   4371000   201685.94    
   4372000   204411.33    
   4373000   197740.52    
   4374000   200553.18    
   4375000   199694.06    
   4376000   200224.51    
   4377000   201119.33    
   4378000   200312.28    
   4379000   194977.97    
   4380000   199609.49    
   4381000   200076       
   4382000   203669.73    
   4383000   195868.09    
   4384000   198594.82    
   4385000   199129.15    
   4386000   195207.86    
   4387000   203078.05    
   4388000   200619.35    
   4389000   200201.04    
   4390000   203356.79    
   4391000   201451.84    
   4392000   200522.68    
   4393000   199238.05    
   4394000   195954.58    
   4395000   203399.63    
   4396000   195423.45    
   4397000   203430.6     
   4398000   199005.63    
   4399000   206988.71    
   4400000   201740.18    
   4401000   201957.24    
   4402000   200261.93    
   4403000   200442.3     
   4404000   199669.09    
   4405000   199191.02    
   4406000   198330.89    
   4407000   197223.09    
   4408000   202534.94    
   4409000   204010.13    
   4410000   196344.61    
   4411000   199525.01    
   4412000   201521.86    
   4413000   194072.63    
   4414000   200637.45    
   4415000   199776.69    
   4416000   201566.26    
   4417000   203992.31    
   4418000   200369.15    
   4419000   200713.07    
   4420000   201767.71    
   4421000   200079.92    
   4422000   200049.81    
   4423000   207184.66    
   4424000   198844.72    
   4425000   202659.68    
   4426000   203820.89    
   4427000   197516.51    
   4428000   197982       
   4429000   202683.3     
   4430000   201141.86    
   4431000   202777.79    
   4432000   196501.56    
   4433000   203814.41    
   4434000   202831.07    
   4435000   197877.28    
   4436000   202272.11    
   4437000   201687       
   4438000   195606.32    
   4439000   200494.55    
   4440000   199009.8     
   4441000   200006.78    
   4442000   197538.64    
   4443000   200305.43    
   4444000   196231.32    
   4445000   196558.64    
   4446000   198413.98    
   4447000   201388.12    
   4448000   200908.11    
   4449000   195894.15    
   4450000   202452.24    
   4451000   199432.6     
   4452000   199590.28    
   4453000   205047.73    
   4454000   204870.97    
   4455000   199918.51    
   4456000   199518.37    
   4457000   201072.35    
   4458000   203012.34    
   4459000   200848.99    
   4460000   196324.77    
   4461000   198757.84    
   4462000   200095.83    
   4463000   198146.92    
   4464000   199377.42    
   4465000   200939.76    
   4466000   195030.06    
   4467000   198506.11    
   4468000   198271.09    
   4469000   202211.67    
   4470000   198271.62    
   4471000   205009.16    
   4472000   196816.62    
   4473000   202732.67    
   4474000   196158.26    
   4475000   197064.82    
   4476000   198604.65    
   4477000   202555.48    
   4478000   196006.01    
   4479000   203126.52    
   4480000   203476.1     
   4481000   200484.13    
   4482000   199540.61    
   4483000   204389.04    
   4484000   203074.99    
   4485000   200876.63    
   4486000   203807.7     
   4487000   196566.62    
   4488000   201879.68    
   4489000   204515.13    
   4490000   195553.46    
   4491000   199395.5     
   4492000   200575.85    
   4493000   201487.65    
   4494000   201794.17    
   4495000   197965.61    
   4496000   201971.85    
   4497000   198624.17    
   4498000   204160.06    
   4499000   191740.94    
   4500000   198894.53    
   4501000   197866.19    
   4502000   207446.62    
   4503000   195724.47    
   4504000   202716.53    
   4505000   201789.19    
   4506000   202852.73    
   4507000   203282.96    
   4508000   200096.99    
   4509000   195928.16    
   4510000   204213.51    
   4511000   197346.87    
   4512000   199274.83    
   4513000   204767.11    
   4514000   197825.7     
   4515000   198548.36    
   4516000   196268.61    
   4517000   197657.13    
   4518000   198322.59    
   4519000   200023.77    
   4520000   200606.88    
   4521000   198273.42    
   4522000   203032.04    
   4523000   198788.96    
   4524000   200715.08    
   4525000   196943.91    
   4526000   202486.49    
   4527000   200707.41    
   4528000   202871.02    
   4529000   202974.51    
   4530000   198535.28    
   4531000   198815.12    
   4532000   199315.33    
   4533000   202849.93    
   4534000   199278.23    
   4535000   200245.21    
   4536000   200214.73    
   4537000   204865.77    
   4538000   202217.48    
   4539000   198357.7     
   4540000   204360.12    
   4541000   195193.31    
   4542000   196565.78    
   4543000   199897.33    
   4544000   203952.2     
   4545000   200797.29    
   4546000   203658.63    
   4547000   198570.3     
   4548000   197139.58    
   4549000   206564.52    
   4550000   199331.05    
   4551000   198100.67    
   4552000   202055.64    
   4553000   199386.29    
   4554000   198614.34    
   4555000   203700.63    
   4556000   203548.19    
   4557000   203360.41    
   4558000   196068.2     
   4559000   193239.06    
   4560000   197724.15    
   4561000   200203.31    
   4562000   203358.13    
   4563000   199850.97    
   4564000   201490.72    
   4565000   196511.56    
   4566000   201743.63    
   4567000   200987.86    
   4568000   198882.65    
   4569000   201779.52    
   4570000   204483.65    
   4571000   197241.66    
   4572000   199851.78    
   4573000   197436.63    
   4574000   200621.52    
   4575000   203364.19    
   4576000   205131.99    
   4577000   202478.64    
   4578000   197816.12    
   4579000   196962.49    
   4580000   199246.91    
   4581000   201001.54    
   4582000   201012.66    
   4583000   197800.34    
   4584000   197720.35    
   4585000   200619.61    
   4586000   206713.59    
   4587000   203213.71    
   4588000   202182.69    
   4589000   201416.7     
   4590000   203426.95    
   4591000   199733.62    
   4592000   197973.15    
   4593000   196011.96    
   4594000   201578.5     
   4595000   204030.48    
   4596000   201528.02    
   4597000   197588.91    
   4598000   201881.53    
   4599000   197628.8     
   4600000   203434.33    
   4601000   203996.76    
   4602000   195968.72    
   4603000   205297.8     
   4604000   205507.1     
   4605000   197920.84    
   4606000   199307.21    
   4607000   200781.34    
   4608000   194561.07    
   4609000   207989.63    
   4610000   200110.48    
   4611000   205527.42    
   4612000   201519.19    
   4613000   199171.64    
   4614000   197925.47    
   4615000   203779.59    
   4616000   199704.4     
   4617000   203911.15    
   4618000   198062.72    
   4619000   200428.52    
   4620000   199832       
   4621000   200873.56    
   4622000   197111.47    
   4623000   198191.51    
   4624000   203798.12    
   4625000   205266.42    
   4626000   196714.91    
   4627000   195164.97    
   4628000   202227.74    
   4629000   201107.76    
   4630000   195183.7     
   4631000   197761       
   4632000   202735.47    
   4633000   202440.23    
   4634000   198411.89    
   4635000   194814.3     
   4636000   201062.13    
   4637000   205028.49    
   4638000   202385.79    
   4639000   198599.79    
   4640000   201974.89    
   4641000   197913.91    
   4642000   197451.28    
   4643000   198497.58    
   4644000   205386.15    
   4645000   199764.72    
   4646000   202216.42    
   4647000   203290.21    
   4648000   201158.58    
   4649000   193926.65    
   4650000   201750.61    
   4651000   200090.36    
   4652000   202469.15    
   4653000   199283.68    
   4654000   198375.33    
   4655000   197343.46    
   4656000   194479.91    
   4657000   198577.6     
   4658000   199648.95    
   4659000   196522.93    
   4660000   198929.63    
   4661000   197132.04    
   4662000   200939.1     
   4663000   200758.95    
   4664000   200904.5     
   4665000   193302.69    
   4666000   205924.2     
   4667000   197930.09    
   4668000   196455.38    
   4669000   204396.27    
   4670000   200274.1     
   4671000   197665.92    
   4672000   195374.17    
   4673000   193691.54    
   4674000   195562.3     
   4675000   199051.62    
   4676000   201251.18    
   4677000   199607.37    
   4678000   196612.91    
   4679000   194458.97    
   4680000   201975.66    
   4681000   202887.47    
   4682000   198597.42    
   4683000   198216.97    
   4684000   194576.66    
   4685000   195247.1     
   4686000   204571.96    
   4687000   200689.56    
   4688000   197967.65    
   4689000   195769.83    
   4690000   199127.39    
   4691000   199623.85    
   4692000   202204.25    
   4693000   200037.06    
   4694000   198391.05    
   4695000   201659.53    
   4696000   198764.59    
   4697000   201436.2     
   4698000   199383.65    
   4699000   196675.09    
   4700000   197948.9     
   4701000   198596.75    
   4702000   199918.94    
   4703000   205700.96    
   4704000   199254.7     
   4705000   200476.78    
   4706000   202564.73    
   4707000   196348.51    
   4708000   198894.96    
   4709000   203312.74    
   4710000   198646.13    
   4711000   198627.21    
   4712000   201730.75    
   4713000   195202.77    
   4714000   202989.25    
   4715000   198881.53    
   4716000   198795.92    
   4717000   206373.68    
   4718000   206199.25    
   4719000   202793.33    
   4720000   201684.83    
   4721000   199502.32    
   4722000   209090.49    
   4723000   201127.97    
   4724000   204983.56    
   4725000   199915.44    
   4726000   201848.2     
   4727000   193408.87    
   4728000   204779.48    
   4729000   192898.66    
   4730000   200897.23    
   4731000   203373.15    
   4732000   197274.19    
   4733000   197783.34    
   4734000   204626.28    
   4735000   198589.51    
   4736000   202155.03    
   4737000   201967.43    
   4738000   198359.38    
   4739000   198019.19    
   4740000   202640.27    
   4741000   201936.18    
   4742000   196820.46    
   4743000   208797.06    
   4744000   198533.57    
   4745000   198084.98    
   4746000   201090.6     
   4747000   199128.66    
   4748000   196319.31    
   4749000   202122.24    
   4750000   198692.02    
   4751000   205081.61    
   4752000   199837.07    
   4753000   198762.5     
   4754000   202422.42    
   4755000   201273.27    
   4756000   201721.16    
   4757000   200925.92    
   4758000   199320.53    
   4759000   205040.14    
   4760000   201049.26    
   4761000   202381.26    
   4762000   201174.03    
   4763000   197796.81    
   4764000   200166.86    
   4765000   197148.62    
   4766000   199758.09    
   4767000   192634.65    
   4768000   198960.25    
   4769000   203094.79    
   4770000   205385.25    
   4771000   199839.65    
   4772000   191449.32    
   4773000   196776.69    
   4774000   201920.55    
   4775000   201257.94    
   4776000   200332.49    
   4777000   195448.76    
   4778000   198297.48    
   4779000   204365       
   4780000   194735.95    
   4781000   201301.97    
   4782000   199076.65    
   4783000   195744.49    
   4784000   199037.22    
   4785000   197847.55    
   4786000   201152.52    
   4787000   200428.4     
   4788000   199579.34    
   4789000   195332.08    
   4790000   199022.74    
   4791000   204836.57    
   4792000   200521.58    
   4793000   204591.81    
   4794000   200028.22    
   4795000   201127.43    
   4796000   195735.74    
   4797000   199733.62    
   4798000   197446.17    
   4799000   198088.81    
   4800000   199577.86    
   4801000   200837.52    
   4802000   197138.34    
   4803000   199014.11    
   4804000   199522.4     
   4805000   196045.56    
   4806000   201008.77    
   4807000   205123.35    
   4808000   199149.19    
   4809000   199319.93    
   4810000   199216.5     
   4811000   194353.07    
   4812000   198275.72    
   4813000   197528.73    
   4814000   203194.46    
   4815000   199142.53    
   4816000   202212.66    
   4817000   205453       
   4818000   200234.64    
   4819000   199236.16    
   4820000   197794.96    
   4821000   194666.81    
   4822000   206528.89    
   4823000   198673.01    
   4824000   199610.99    
   4825000   201054.01    
   4826000   197336.72    
   4827000   193916.3     
   4828000   200601.65    
   4829000   197622.21    
   4830000   196387.78    
   4831000   202589.06    
   4832000   197601.46    
   4833000   199713.17    
   4834000   202471.55    
   4835000   193679.57    
   4836000   199106.28    
   4837000   194701.73    
   4838000   202556.65    
   4839000   198897.51    
   4840000   202162.27    
   4841000   198952.1     
   4842000   203011.46    
   4843000   198233.75    
   4844000   197082.77    
   4845000   198205.5     
   4846000   198867.95    
   4847000   198853.22    
   4848000   199689.56    
   4849000   199460.52    
   4850000   199357.61    
   4851000   196603.48    
   4852000   200115.18    
   4853000   193696.98    
   4854000   197031.65    
   4855000   200298.45    
   4856000   204363.92    
   4857000   202764.94    
   4858000   202529.46    
   4859000   199603.74    
   4860000   192506.61    
   4861000   201887.21    
   4862000   202126.59    
   4863000   203040.79    
   4864000   200451.04    
   4865000   196536.92    
   4866000   202397.68    
   4867000   195990.09    
   4868000   204946.45    
   4869000   200070.52    
   4870000   200168.63    
   4871000   192919.25    
   4872000   199381.13    
   4873000   196592.61    
   4874000   195984.03    
   4875000   199040.71    
   4876000   199441.78    
   4877000   201550.56    
   4878000   201947.52    
   4879000   199385.33    
   4880000   198319.71    
   4881000   196038.01    
   4882000   197401.55    
   4883000   192152.76    
   4884000   201004.08    
   4885000   198829.25    
   4886000   200722.15    
   4887000   202412.02    
   4888000   203728.62    
   4889000   199009.96    
   4890000   199221.77    
   4891000   198104.1     
   4892000   202438.93    
   4893000   201540.41    
   4894000   203958.76    
   4895000   198625.2     
   4896000   202423.35    
   4897000   198751.78    
   4898000   201390.97    
   4899000   196164.18    
   4900000   197554.55    
   4901000   201531.44    
   4902000   204474.85    
   4903000   199870.23    
   4904000   197787.47    
   4905000   199864.66    
   4906000   207590.88    
   4907000   196147.55    
   4908000   193937.43    
   4909000   199237.37    
   4910000   196041.99    
   4911000   203163.72    
   4912000   198869.77    
   4913000   197543.84    
   4914000   198681.55    
   4915000   196947.68    
   4916000   203225.33    
   4917000   201004.2     
   4918000   204332.42    
   4919000   198859.17    
   4920000   194510.58    
   4921000   200633.15    
   4922000   197422.02    
   4923000   206321.15    
   4924000   201533.97    
   4925000   199756.6     
   4926000   200417.09    
   4927000   200538.03    
   4928000   196018.24    
   4929000   193413.29    
   4930000   197026.56    
   4931000   203331.76    
   4932000   200839.28    
   4933000   198108.72    
   4934000   201617.45    
   4935000   200530.11    
   4936000   201054.31    
   4937000   205633.26    
   4938000   196760.13    
   4939000   197618.23    
   4940000   199191.05    
   4941000   200446.75    
   4942000   197044.64    
   4943000   202430.39    
   4944000   205355.91    
   4945000   203923.58    
   4946000   201761.55    
   4947000   194860.75    
   4948000   197101.85    
   4949000   199991.46    
   4950000   200319.37    
   4951000   197666.42    
   4952000   198297.59    
   4953000   204020.5     
   4954000   202770.06    
   4955000   195589       
   4956000   201830.11    
   4957000   197736.35    
   4958000   202314.97    
   4959000   200429.12    
   4960000   205871.93    
   4961000   203935.58    
   4962000   201723.5     
   4963000   192123.99    
   4964000   201837.48    
   4965000   203861.33    
   4966000   200833.37    
   4967000   198906.08    
   4968000   200691.88    
   4969000   203484.73    
   4970000   195829.47    
   4971000   200276.52    
   4972000   193282.91    
   4973000   201535.66    
   4974000   198815.68    
   4975000   197834.41    
   4976000   203489.03    
   4977000   203412.22    
   4978000   197846.6     
   4979000   198951.02    
   4980000   201072.53    
   4981000   196097.61    
   4982000   197552.97    
   4983000   201331.47    
   4984000   207039.31    
   4985000   206513.47    
   4986000   201278.25    
   4987000   195532.36    
   4988000   201008.12    
   4989000   198767.91    
   4990000   199708.27    
   4991000   202505.19    
   4992000   196845.75    
   4993000   196693.28    
   4994000   201232.47    
   4995000   202589.21    
   4996000   202895.42    
   4997000   202101.21    
   4998000   203409.88    
   4999000   201316.38    
   5000000   201744.36  